Team,Games,Win-Loss,First Down Runs,First Down Passes,First Down Penalties,First Downs
Clemson (ACC),13,10-3,86,81,18,185
Penn St. (Big Ten),13,7-6,79,96,15,190
Louisville (ACC),13,9-4,74,110,15,199
Michigan (Big Ten),12,5-7,88,101,10,199
Michigan St. (Big Ten),13,11-2,67,112,20,199
Buffalo (MAC),11,5-6,95,94,13,202
LSU (SEC),13,8-5,100,89,13,202
Wisconsin (Big Ten),14,11-3,93,93,20,206
UTEP (C-USA),13,7-6,105,95,11,211
Virginia Tech (ACC),13,7-6,95,105,16,216
Florida (SEC),12,7-5,78,114,24,216
FIU (C-USA),12,4-8,101,97,18,216
TCU (Big 12),13,12-1,86,119,13,218
San Jose St. (Mountain West),12,3-9,145,64,10,219
Stanford (Pac-12),13,8-5,84,117,18,219
Iowa (Big Ten),13,7-6,106,101,12,219
North Texas (C-USA),12,4-8,98,106,18,222
Virginia (ACC),12,5-7,83,118,24,225
Boston College (ACC),13,7-6,77,135,13,225
Idaho (Sun Belt),11,1-10,116,91,18,225
UCF (AAC),13,9-4,97,103,25,225
Arkansas (SEC),13,7-6,97,115,13,225
ULM (Sun Belt),12,4-8,118,94,15,227
Wake Forest (ACC),12,3-9,114,94,23,231
Temple (AAC),12,6-6,111,101,21,233
Alabama (SEC),14,12-2,81,141,12,234
San Diego St. (Mountain West),13,7-6,113,97,25,235
UTSA (C-USA),12,4-8,94,112,32,238
Ole Miss (),13,9-4,106,118,15,239
Syracuse (ACC),12,3-9,100,120,20,240
Kent St. (MAC),11,2-9,115,100,26,241
UConn (AAC),12,2-10,110,110,23,243
Tennessee (SEC),13,7-6,120,110,14,244
Northwestern (Big Ten),12,5-7,111,116,17,244
UAB (C-USA),12,6-6,113,113,19,245
Memphis (AAC),13,10-3,82,140,23,245
Pittsburgh (),13,6-7,118,112,16,246
Western Mich. (MAC),13,8-5,96,125,25,246
Ohio (MAC),12,6-6,98,133,15,246
Tulane (AAC),12,3-9,106,117,23,246
Nebraska (Big Ten),13,9-4,113,118,15,246
Central Mich. (MAC),13,7-6,87,138,23,248
Houston (AAC),13,8-5,114,114,20,248
Air Force (Mountain West),13,10-3,91,144,14,249
Miami (FL) (ACC),13,6-7,111,109,29,249
Texas (Big 12),13,6-7,122,112,17,251
Georgia (SEC),13,10-3,133,100,19,252
Wyoming (Mountain West),12,4-8,120,122,10,252
Louisiana (Sun Belt),13,9-4,89,145,19,253
Minnesota (Big Ten),13,8-5,113,117,23,253
Akron (MAC),12,5-7,100,124,31,255
Rice (C-USA),13,8-5,111,124,21,256
Washington St. (Pac-12),12,3-9,88,140,28,256
Baylor (Big 12),13,11-2,85,128,43,256
West Virginia (Big 12),13,7-6,99,135,23,257
South Fla. (AAC),12,4-8,114,127,17,258
Boise St. (Mountain West),14,12-2,90,148,20,258
Arizona St. (Pac-12),13,10-3,100,146,15,261
Tulsa (AAC),12,2-10,115,123,23,261
Army West Point (FBS Independent),12,4-8,117,131,13,261
East Carolina (AAC),13,8-5,79,149,34,262
Texas St. (Sun Belt),12,7-5,121,125,16,262
Kansas St. (Big 12),13,9-4,98,153,11,262
Kansas (Big 12),12,3-9,116,123,24,263
Vanderbilt (SEC),12,3-9,124,120,19,263
Oklahoma (Big 12),13,8-5,86,155,23,264
Oregon St. (Pac-12),12,5-7,100,133,31,264
Ball St. (MAC),12,5-7,121,128,16,265
Utah St. (Mountain West),14,10-4,108,132,27,267
Mississippi St. (SEC),13,10-3,115,143,10,268
South Alabama (Sun Belt),13,6-7,127,111,30,268
Indiana (Big Ten),12,4-8,110,135,23,268
Purdue (Big Ten),12,3-9,119,131,18,268
NC State (ACC),13,8-5,138,116,15,269
Utah (Pac-12),13,9-4,113,129,28,270
Kentucky (SEC),12,5-7,127,125,18,270
Colorado (Pac-12),12,2-10,108,131,32,271
Hawaii (Mountain West),13,4-9,129,125,19,273
Fla. Atlantic (C-USA),12,3-9,133,124,17,274
Missouri (SEC),14,11-3,113,137,25,275
Rutgers (Big Ten),13,8-5,136,123,17,276
Navy (FBS Independent),13,8-5,151,120,7,278
Miami (OH) (MAC),12,2-10,123,130,25,278
Notre Dame (FBS Independent),13,8-5,126,136,16,278
Fresno St. (Mountain West),14,6-8,127,138,14,279
Troy (Sun Belt),12,3-9,149,111,19,279
Eastern Mich. (MAC),12,2-10,130,132,17,279
Middle Tenn. (C-USA),12,6-6,121,141,17,279
Southern Miss. (C-USA),12,3-9,117,139,23,279
Arkansas St. (Sun Belt),13,7-6,146,108,25,279
Louisiana Tech (C-USA),14,9-5,103,162,14,279
Massachusetts (MAC),12,3-9,118,138,25,281
BYU (FBS Independent),13,8-5,87,164,31,282
Ohio St. (Big Ten),15,14-1,120,135,28,283
Toledo (MAC),13,9-4,88,173,22,283
Duke (ACC),13,9-4,152,118,15,285
Oklahoma St. (Big 12),13,7-6,117,145,24,286
Cincinnati (AAC),13,9-4,132,142,13,287
Auburn (SEC),13,8-5,119,131,37,287
Maryland (Big Ten),13,7-6,138,131,22,291
Illinois (Big Ten),13,6-7,152,117,23,292
South Carolina (SEC),13,7-6,133,138,21,292
New Mexico St. (Sun Belt),12,2-10,190,88,14,292
Colorado St. (Mountain West),13,10-3,131,138,24,293
Florida St. (ACC),14,13-1,146,131,18,295
UCLA (Pac-12),13,10-3,111,151,33,295
Georgia Tech (ACC),14,11-3,125,160,15,300
Marshall (C-USA),14,13-1,138,127,36,301
SMU (AAC),12,1-11,140,147,15,302
Southern California (Pac-12),13,9-4,100,161,41,302
Texas A&M (SEC),13,8-5,139,139,24,302
NIU (MAC),14,11-3,123,155,26,304
New Mexico (Mountain West),12,4-8,156,133,17,306
Georgia St. (Sun Belt),12,1-11,182,115,10,307
UNLV (Mountain West),13,2-11,178,112,23,313
North Carolina (ACC),13,6-7,154,138,24,316
Nevada (Mountain West),13,7-6,129,168,19,316
Washington (Pac-12),14,8-6,101,188,28,317
Texas Tech (Big 12),12,4-8,164,130,31,325
Iowa St. (Big 12),12,2-10,156,150,22,328
California (Pac-12),12,5-7,95,203,34,332
Arizona (Pac-12),14,10-4,120,188,29,337
Western Ky. (C-USA),13,8-5,148,170,21,339
Oregon (Pac-12),15,13-2,132,189,28,349
Bowling Green (MAC),14,8-6,149,192,25,366
App State (Sun Belt),12,7-5,94,100,19,213
Ga. Southern (Sun Belt),12,9-3,112,128,14,254
Charlotte (FBS Independent),11,5-6,127,142,17,286
Old Dominion (C-USA),12,6-6,159,123,9,291
