Team,Games,Win-Loss,Redzone Attempts,Redzone Rush TD,Redzone Pass TD,Redzone Field Goals Made,Redzone Scores,Redzone Points
FIU (C-USA),13,8-5,41,18,12,10,40,0.976
Wyoming (Mountain West),13,8-5,34,12,9,12,33,0.971
Florida (SEC),11,4-7,31,13,8,9,30,0.968
Georgia (SEC),15,13-2,55,25,14,14,53,0.964
Arizona St. (Pac-12),13,7-6,53,26,14,11,51,0.962
Ole Miss (SEC),12,6-6,43,12,12,17,41,0.953
Wake Forest (ACC),13,8-5,56,17,18,18,53,0.946
Fla. Atlantic (C-USA),14,11-3,65,41,9,11,61,0.938
Kansas (Big 12),12,1-11,32,8,10,12,30,0.938
Louisiana (Sun Belt),12,5-7,42,21,11,7,39,0.929
Kentucky (SEC),13,7-6,42,22,5,12,39,0.929
Ohio (MAC),13,9-4,62,35,15,7,57,0.919
Florida St. (ACC),13,7-6,48,13,18,13,44,0.917
Notre Dame (FBS Independent),13,10-3,46,24,11,7,42,0.913
Miami (FL) (ACC),13,10-3,43,12,13,14,39,0.907
Missouri (SEC),13,7-6,53,14,21,13,48,0.906
Bowling Green (MAC),12,2-10,42,11,11,16,38,0.905
Memphis (AAC),13,10-3,62,21,23,12,56,0.903
Oklahoma (Big 12),14,12-2,72,26,25,14,65,0.903
Clemson (ACC),14,12-2,51,29,8,9,46,0.902
Penn St. (Big Ten),13,11-2,59,27,19,7,53,0.898
Stanford (Pac-12),14,9-5,59,17,22,14,53,0.898
Ohio St. (Big Ten),14,12-2,68,25,20,16,61,0.897
UAB (C-USA),13,8-5,48,24,10,9,43,0.896
Purdue (Big Ten),13,7-6,47,10,17,15,42,0.894
Oklahoma St. (Big 12),13,10-3,75,30,19,18,67,0.893
Oregon (Pac-12),13,7-6,56,33,11,6,50,0.893
Georgia Tech (ACC),11,5-6,36,21,5,6,32,0.889
Illinois (Big Ten),12,2-10,27,9,5,10,24,0.889
North Texas (C-USA),14,9-5,54,23,15,10,48,0.889
TCU (Big 12),14,11-3,54,21,15,12,48,0.889
Fresno St. (Mountain West),14,10-4,53,20,9,18,47,0.887
Oregon St. (Pac-12),12,1-11,35,16,6,9,31,0.886
Arizona (Pac-12),13,7-6,52,30,7,9,46,0.885
Tulsa (AAC),12,2-10,43,31,1,6,38,0.884
Northwestern (Big Ten),13,10-3,59,27,14,11,52,0.881
Auburn (SEC),14,10-4,59,29,9,14,52,0.881
Utah St. (Mountain West),13,6-7,40,14,6,15,35,0.875
Houston (AAC),12,7-5,48,21,11,10,42,0.875
Arkansas (SEC),12,4-8,40,21,9,5,35,0.875
Air Force (Mountain West),12,5-7,48,34,2,6,42,0.875
Utah (Pac-12),13,7-6,63,21,12,22,55,0.873
Washington St. (Pac-12),13,9-4,54,7,26,14,47,0.870
UCLA (Pac-12),13,6-7,53,17,17,12,46,0.868
West Virginia (Big 12),13,7-6,53,16,20,10,46,0.868
Iowa St. (Big 12),13,8-5,52,15,17,13,45,0.865
Indiana (Big Ten),12,5-7,44,11,16,11,38,0.864
SMU (AAC),13,7-6,51,19,14,11,44,0.863
Army West Point (FBS Independent),13,10-3,51,41,1,2,44,0.863
Mississippi St. (SEC),13,9-4,58,25,13,12,50,0.862
Tulane (AAC),12,5-7,36,18,4,9,31,0.861
UNLV (Mountain West),12,5-7,50,21,6,16,43,0.860
Texas A&M (SEC),13,7-6,56,22,13,13,48,0.857
Old Dominion (C-USA),12,5-7,35,12,6,12,30,0.857
Colorado St. (Mountain West),13,7-6,63,23,21,10,54,0.857
Wisconsin (Big Ten),14,13-1,62,19,22,12,53,0.855
South Carolina (SEC),13,9-4,34,13,6,10,29,0.853
Alabama (SEC),14,13-1,68,29,17,12,58,0.853
Louisiana Tech (C-USA),13,7-6,54,19,9,18,46,0.852
Toledo (MAC),14,11-3,67,24,12,21,57,0.851
Miami (OH) (MAC),12,5-7,40,10,16,8,34,0.850
Louisville (ACC),13,8-5,59,21,15,14,50,0.847
Kansas St. (Big 12),13,8-5,52,23,9,12,44,0.846
UCF (AAC),13,13-0,71,34,16,10,60,0.845
Western Mich. (MAC),12,6-6,51,19,12,12,43,0.843
Navy (AAC),13,7-6,51,29,6,8,43,0.843
App State (Sun Belt),13,9-4,57,22,14,12,48,0.842
Colorado (Pac-12),12,5-7,44,15,10,12,37,0.841
Michigan (Big Ten),13,8-5,44,18,5,14,37,0.841
Vanderbilt (SEC),12,5-7,37,11,19,1,31,0.838
North Carolina (ACC),12,3-9,37,14,12,5,31,0.838
San Diego St. (Mountain West),13,10-3,43,19,8,9,36,0.837
ULM (Sun Belt),12,4-8,48,23,9,8,40,0.833
Washington (Pac-12),13,10-3,60,28,12,10,50,0.833
Eastern Mich. (MAC),12,5-7,42,11,12,12,35,0.833
Duke (ACC),13,7-6,53,17,9,18,44,0.830
Syracuse (ACC),12,4-8,47,14,9,16,39,0.830
Massachusetts (FBS Independent),12,4-8,47,15,14,10,39,0.830
UTSA (C-USA),11,6-5,34,7,7,14,28,0.824
Michigan St. (Big Ten),13,10-3,51,14,16,12,42,0.824
Temple (AAC),13,7-6,45,12,12,13,37,0.822
Boston College (ACC),13,7-6,45,17,9,11,37,0.822
Nevada (Mountain West),12,3-9,45,12,18,7,37,0.822
New Mexico St. (Independent),13,7-6,50,13,17,11,41,0.820
Troy (Sun Belt),13,11-2,55,23,12,10,45,0.818
Southern Miss. (C-USA),13,8-5,44,12,11,13,36,0.818
California (Pac-12),12,5-7,49,14,13,13,40,0.816
Boise St. (Mountain West),14,11-3,63,21,15,15,51,0.810
Minnesota (Big Ten),12,5-7,41,17,6,10,33,0.805
Idaho (Sun Belt),12,4-8,41,10,14,9,33,0.805
South Fla. (AAC),12,10-2,61,22,10,17,49,0.803
NIU (MAC),13,8-5,45,14,14,8,36,0.800
Tennessee (SEC),12,4-8,35,12,7,9,28,0.800
Middle Tenn. (C-USA),13,7-6,35,12,10,6,28,0.800
Marshall (C-USA),13,8-5,40,9,15,8,32,0.800
Rutgers (Big Ten),12,4-8,30,15,3,6,24,0.800
Iowa (Big Ten),13,8-5,49,15,17,7,39,0.796
Central Mich. (MAC),13,8-5,43,14,13,7,34,0.791
Virginia (ACC),13,6-7,33,9,9,8,26,0.788
Texas (Big 12),13,7-6,47,20,9,8,37,0.787
Baylor (Big 12),12,1-11,40,7,11,13,31,0.775
Virginia Tech (ACC),13,9-4,57,18,11,15,44,0.772
Pittsburgh (ACC),12,5-7,35,16,8,3,27,0.771
LSU (SEC),13,9-4,56,23,10,10,43,0.768
Ball St. (MAC),12,2-10,30,10,8,5,23,0.767
Buffalo (MAC),12,6-6,55,17,12,13,42,0.764
Ga. Southern (Sun Belt),12,2-10,38,17,3,9,29,0.763
Maryland (Big Ten),12,4-8,37,11,11,6,28,0.757
Texas St. (Sun Belt),12,2-10,37,9,9,10,28,0.757
Nebraska (Big Ten),12,4-8,45,12,11,11,34,0.756
UTEP (C-USA),12,0-12,20,9,4,2,15,0.750
East Carolina (AAC),12,3-9,44,9,15,9,33,0.750
Cincinnati (AAC),12,4-8,44,9,15,9,33,0.750
Rice (C-USA),12,1-11,27,16,1,3,20,0.741
Western Ky. (C-USA),13,6-7,50,16,15,6,37,0.740
UConn (AAC),12,3-9,42,13,9,9,31,0.738
South Alabama (Sun Belt),12,4-8,38,9,8,11,28,0.737
BYU (FBS Independent),13,4-9,38,10,7,11,28,0.737
NC State (ACC),13,9-4,60,27,9,8,44,0.733
Southern California (Pac-12),14,11-3,59,19,15,9,43,0.729
Akron (MAC),14,7-7,33,13,7,4,24,0.727
Arkansas St. (Sun Belt),12,7-5,64,13,22,11,46,0.719
New Mexico (Mountain West),12,3-9,32,13,4,6,23,0.719
Hawaii (Mountain West),12,3-9,43,13,13,4,30,0.698
Texas Tech (Big 12),13,6-7,62,15,18,10,43,0.694
Charlotte (C-USA),12,1-11,26,11,4,3,18,0.692
Georgia St. (Sun Belt),12,7-5,36,10,6,8,24,0.667
San Jose St. (Mountain West),13,2-11,29,4,9,6,19,0.655
Kent St. (MAC),12,2-10,25,5,3,8,16,0.640
Liberty (Independent),11,6-5,40,14,9,12,35,0.875
Coastal Carolina (Sun Belt),12,3-9,32,12,9,6,27,0.844
