Team,Games,Win-Loss,Redzone Attempts,Redzone Rush TD,Redzone Pass TD,Redzone Field Goals Made,Redzone Scores,Redzone Points
Yale (Ivy League),10,3-7,29,13,7,8,28,0.966
Idaho St. (Big Sky),11,2-9,26,11,11,3,25,0.962
Dayton (Pioneer),11,9-2,45,24,9,9,42,0.933
Drake (Pioneer),11,7-4,49,11,27,7,45,0.918
ETSU (SoCon),11,5-6,31,10,7,11,28,0.903
Samford (SoCon),12,7-5,51,12,24,10,46,0.902
San Diego (Pioneer),12,10-2,60,25,21,8,54,0.900
Montana (Big Sky),11,6-5,50,13,20,12,45,0.900
Cal Poly (Big Sky),12,7-5,40,25,6,5,36,0.900
Valparaiso (Pioneer),11,4-7,30,12,11,4,27,0.900
Princeton (Ivy League),10,8-2,46,25,12,4,41,0.891
Gardner-Webb (Big South),11,5-6,35,18,4,9,31,0.886
South Dakota (MVFC),11,4-7,34,10,12,8,30,0.882
Prairie View (SWAC),11,7-4,34,17,8,5,30,0.882
Montana St. (Big Sky),11,4-7,34,18,4,8,30,0.882
Richmond (CAA),14,10-4,58,17,14,20,51,0.879
Butler (Pioneer),11,4-7,41,16,9,11,36,0.878
SFA (Southland),11,5-6,41,15,9,12,36,0.878
McNeese (Southland),11,6-5,47,15,16,10,41,0.872
Saint Francis (PA) (NEC),12,7-5,39,13,12,9,34,0.872
James Madison (CAA),15,14-1,93,44,24,13,81,0.871
North Dakota (Big Sky),12,9-3,46,15,13,12,40,0.870
Colgate (Patriot),10,5-5,38,15,8,10,33,0.868
Duquesne (NEC),11,8-3,45,14,16,9,39,0.867
Southern Ill. (MVFC),11,4-7,37,15,12,5,32,0.865
Jacksonville (Pioneer),10,5-5,36,24,1,6,31,0.861
Furman (SoCon),11,3-8,43,17,14,6,37,0.860
South Dakota St. (MVFC),13,9-4,50,16,19,8,43,0.860
Lehigh (Patriot),12,9-3,57,27,16,6,49,0.860
Alabama A&M (SWAC),11,4-7,35,16,3,11,30,0.857
Tennessee St. (OVC),11,7-4,41,12,16,7,35,0.854
Wagner (NEC),11,6-5,34,10,7,12,29,0.853
Georgetown (Patriot),11,3-8,20,7,4,6,17,0.850
N.C. Central (MEAC),12,9-3,40,16,8,10,34,0.850
Columbia (Ivy League),10,3-7,33,7,8,13,28,0.848
Southeastern La. (Southland),11,7-4,39,11,14,8,33,0.846
Western Ill. (MVFC),11,6-5,52,17,18,9,44,0.846
Norfolk St. (MEAC),11,4-7,26,8,4,10,22,0.846
Sam Houston (Southland),13,12-1,71,28,29,3,60,0.845
Southern Utah (Big Sky),11,6-5,32,12,12,3,27,0.844
Sacramento St. (Big Sky),11,2-9,38,15,12,5,32,0.842
Northern Colo. (Big Sky),11,6-5,38,13,15,4,32,0.842
Liberty (Big South),11,6-5,37,14,9,8,31,0.838
Penn (Ivy League),10,7-3,30,18,6,1,25,0.833
Mercer (SoCon),11,6-5,42,13,13,9,35,0.833
Jacksonville St. (OVC),12,10-2,47,24,4,11,39,0.830
Weber St. (Big Sky),12,7-5,41,14,14,6,34,0.829
North Dakota St. (MVFC),14,12-2,41,18,7,9,34,0.829
Tennessee Tech (OVC),11,5-6,35,13,9,7,29,0.829
Bryant (NEC),11,5-6,40,12,17,4,33,0.825
Fordham (Patriot),11,8-3,45,15,14,8,37,0.822
Chattanooga (SoCon),13,9-4,50,22,13,6,41,0.820
Harvard (Ivy League),10,7-3,44,15,12,9,36,0.818
Eastern Wash. (Big Sky),14,12-2,70,21,29,7,57,0.814
Illinois St. (MVFC),12,6-6,42,11,10,13,34,0.810
N.C. A&T (MEAC),12,9-3,52,17,16,9,42,0.808
Southern U. (SWAC),11,8-3,57,20,16,10,46,0.807
Holy Cross (Patriot),11,4-7,36,10,13,6,29,0.806
Sacred Heart (NEC),11,6-5,41,14,11,8,33,0.805
Grambling (SWAC),12,11-1,46,21,12,4,37,0.804
Wofford (SoCon),14,10-4,51,28,4,9,41,0.804
Nicholls (Southland),11,5-6,45,20,7,9,36,0.800
Indiana St. (MVFC),11,4-7,40,11,11,10,32,0.800
Charleston So. (Big South),11,7-4,40,20,7,5,32,0.800
Elon (CAA),11,2-9,20,7,2,7,16,0.800
UNI (MVFC),11,5-6,54,19,10,14,43,0.796
Morehead St. (Pioneer),11,4-7,44,20,10,5,35,0.795
Texas Southern (SWAC),11,4-7,29,10,6,7,23,0.793
Portland St. (Big Sky),11,3-8,48,24,7,7,38,0.792
Towson (CAA),11,4-7,43,14,5,15,34,0.791
Bethune-Cookman (MEAC),10,4-6,33,13,8,5,26,0.788
Florida A&M (MEAC),11,4-7,33,9,7,10,26,0.788
Western Caro. (SoCon),11,2-9,37,11,11,7,29,0.784
Howard (MEAC),11,2-9,32,10,9,6,25,0.781
Youngstown St. (MVFC),16,12-4,68,25,11,17,53,0.779
Jackson St. (SWAC),11,3-8,27,6,7,8,21,0.778
UC Davis (Big Sky),11,3-8,45,13,14,8,35,0.778
Lafayette (Patriot),11,2-9,36,9,11,8,28,0.778
Villanova (CAA),13,9-4,45,19,12,4,35,0.778
Dartmouth (Ivy League),10,4-6,36,12,9,7,28,0.778
Austin Peay (OVC),11,0-11,31,10,10,4,24,0.774
Cornell (Ivy League),10,4-6,31,8,9,7,24,0.774
Lamar University (Southland),11,3-8,31,8,6,10,24,0.774
UT Martin (OVC),12,7-5,48,16,14,7,37,0.771
Central Ark. (Southland),13,10-3,65,28,12,10,50,0.769
Delaware St. (MEAC),11,0-11,26,7,9,4,20,0.769
Eastern Ill. (OVC),11,6-5,43,18,10,5,33,0.767
Missouri St. (MVFC),11,4-7,30,5,11,7,23,0.767
New Hampshire (CAA),13,8-5,51,17,16,6,39,0.765
Northwestern St. (Southland),11,1-10,34,14,5,7,26,0.765
Southeast Mo. St. (OVC),11,3-8,34,8,4,14,26,0.765
Delaware (CAA),11,4-7,34,17,3,6,26,0.765
William & Mary (CAA),11,5-6,38,14,10,5,29,0.763
Monmouth (Big South),11,4-7,42,21,5,6,32,0.762
Savannah St. (MEAC),10,3-7,21,7,5,4,16,0.762
Northern Ariz. (Big Sky),11,5-6,50,7,19,12,38,0.760
Rhode Island (CAA),11,2-9,25,9,5,5,19,0.760
Murray St. (OVC),11,4-7,44,6,14,13,33,0.750
The Citadel (SoCon),12,10-2,48,22,3,11,36,0.750
Kennesaw St. (Big South),11,8-3,55,32,6,3,41,0.745
VMI (SoCon),11,3-8,38,16,7,5,28,0.737
South Carolina St. (MEAC),11,5-6,34,12,7,6,25,0.735
Stetson (Pioneer),11,4-7,34,9,9,7,25,0.735
Alcorn (SWAC),11,5-6,41,19,7,4,30,0.732
Central Conn. St. (NEC),11,2-9,36,11,6,9,26,0.722
Bucknell (Patriot),11,4-7,42,19,8,3,30,0.714
Alabama St. (SWAC),11,4-7,42,22,4,4,30,0.714
Hampton (MEAC),11,5-6,31,10,7,5,22,0.710
Marist (Pioneer),11,5-6,37,8,10,8,26,0.703
Eastern Ky. (OVC),11,3-8,43,15,6,9,30,0.698
Campbell (Pioneer),10,5-5,33,14,5,4,23,0.697
Stony Brook (CAA),11,5-6,23,12,1,3,16,0.696
UAlbany (CAA),11,7-4,39,13,4,10,27,0.692
Houston Christian (Southland),11,4-7,31,8,2,11,21,0.677
Brown (Ivy League),10,4-6,32,7,9,5,21,0.656
Mississippi Val. (SWAC),11,1-10,27,4,10,3,17,0.630
Davidson (Pioneer),11,2-9,32,7,6,7,20,0.625
Morgan St. (MEAC),11,3-8,36,9,8,5,22,0.611
Robert Morris (NEC),11,2-9,17,3,3,4,10,0.588
Presbyterian (Big South),11,2-9,25,4,3,7,14,0.560
Ark.-Pine Bluff (SWAC),11,1-10,31,7,6,4,17,0.548
Maine (CAA),11,6-5,31,7,9,1,17,0.548
Abilene Christian (Southland),11,2-9,34,11,12,7,30,0.882
UIW (Southland),11,3-8,31,12,9,4,25,0.806
