Team,Games,Win-Loss,Redzone Attempts,Redzone Rush TD,Redzone Pass TD,Redzone Field Goals Made,Redzone Scores,Redzone Points
South Dakota St. (MVFC),13,13-0,50,26,14,8,48,0.960
North Dakota St. (MVFC),14,11-3,64,30,15,15,60,0.938
N.C. Central (MEAC),12,9-3,45,25,11,6,42,0.933
Idaho (Big Sky),13,9-4,54,21,16,13,50,0.926
Eastern Ky. (ASUN),11,5-6,48,13,16,15,44,0.917
South Dakota (MVFC),13,10-3,35,16,7,9,32,0.914
Davidson (Pioneer),11,7-4,46,29,8,5,42,0.913
Colgate (Patriot),11,6-5,32,13,8,8,29,0.906
UNI (MVFC),11,6-5,42,12,11,15,38,0.905
Portland St. (Big Sky),11,5-6,41,22,12,3,37,0.902
Sacramento St. (Big Sky),13,8-5,59,25,17,11,53,0.898
Austin Peay (ASUN),12,9-3,39,15,9,11,35,0.897
Abilene Christian (ASUN),11,5-6,29,10,9,7,26,0.897
Saint Francis (PA) (NEC),10,4-6,37,14,14,5,33,0.892
Chattanooga (SoCon),13,8-5,46,14,10,17,41,0.891
Eastern Wash. (Big Sky),11,4-7,45,15,12,13,40,0.889
North Dakota (MVFC),12,7-5,49,26,14,3,43,0.878
Missouri St. (MVFC),11,4-7,40,9,18,8,35,0.875
Furman (SoCon),13,10-3,55,21,13,14,48,0.873
Illinois St. (MVFC),11,6-5,47,19,14,8,41,0.872
Hampton (CAA),11,5-6,31,14,6,7,27,0.871
Morehead St. (Pioneer),11,4-7,23,7,6,7,20,0.870
Richmond (CAA),13,9-4,45,13,15,11,39,0.867
Towson (CAA),11,5-6,45,14,12,13,39,0.867
Harvard (Ivy League),10,8-2,37,17,10,5,32,0.865
Northern Colo. (Big Sky),11,0-11,22,6,8,5,19,0.864
Idaho St. (Big Sky),11,3-8,36,12,15,4,31,0.861
Presbyterian (Pioneer),11,4-7,36,6,12,13,31,0.861
Southeast Mo. St. (OVC),11,4-7,36,16,9,6,31,0.861
Fordham (Patriot),11,6-5,42,14,13,9,36,0.857
Youngstown St. (MVFC),13,8-5,62,22,17,14,53,0.855
Tennessee St. (OVC),11,6-5,34,18,5,6,29,0.853
Montana St. (Big Sky),12,8-4,54,27,12,7,46,0.852
Campbell (CAA),11,5-6,46,20,16,3,39,0.848
Central Ark. (ASUN),11,7-4,51,11,21,11,43,0.843
Yale (Ivy League),10,7-3,38,13,13,6,32,0.842
Bethune-Cookman (SWAC),11,3-8,25,9,7,5,21,0.840
Bryant (OVC),11,6-5,50,14,22,6,42,0.840
Merrimack (NEC),11,5-6,31,18,1,7,26,0.839
Gardner-Webb (OVC),12,7-5,36,16,9,5,30,0.833
Montana (Big Sky),13,12-1,48,23,9,8,40,0.833
Southern Utah (ASUN),11,6-5,42,13,16,6,35,0.833
UC Davis (Big Sky),11,7-4,42,16,11,8,35,0.833
Howard (MEAC),11,6-5,41,17,9,8,34,0.829
Penn (Ivy League),10,6-4,41,11,10,13,34,0.829
Butler (Pioneer),11,7-4,35,11,6,12,29,0.829
Central Conn. St. (NEC),11,3-8,35,14,8,7,29,0.829
Drake (Pioneer),12,8-4,35,9,10,10,29,0.829
William & Mary (CAA),11,6-5,40,14,10,9,33,0.825
Charleston So. (OVC),11,4-7,17,6,4,4,14,0.824
UAlbany (CAA),14,11-3,51,11,21,10,42,0.824
Elon (CAA),11,6-5,28,6,8,9,23,0.821
Duquesne (NEC),12,7-5,39,11,14,7,32,0.821
Holy Cross (Patriot),11,7-4,50,25,13,3,41,0.820
Lafayette (Patriot),12,9-3,50,23,13,5,41,0.820
Alcorn (SWAC),11,7-4,33,8,8,11,27,0.818
Southern Ill. (MVFC),13,8-5,44,17,10,9,36,0.818
Lehigh (Patriot),11,2-9,27,10,9,3,22,0.815
New Hampshire (CAA),11,6-5,54,16,17,11,44,0.815
SFA (ASUN),11,3-8,43,10,14,11,35,0.814
Dartmouth (Ivy League),10,6-4,37,15,5,10,30,0.811
Weber St. (Big Sky),11,6-5,36,14,8,7,29,0.806
Grambling (SWAC),11,5-6,45,18,12,6,36,0.800
Maine (CAA),11,2-9,35,6,16,6,28,0.800
McNeese (Southland),10,0-10,20,9,2,5,16,0.800
Stetson (Pioneer),11,3-8,40,16,10,6,32,0.800
UT Martin (OVC),11,8-3,45,11,16,9,36,0.800
Wofford (SoCon),11,2-9,20,7,2,7,16,0.800
Texas Southern (SWAC),11,3-8,34,12,7,8,27,0.794
Prairie View (SWAC),12,6-6,29,17,1,5,23,0.793
Florida A&M (SWAC),12,11-1,43,18,7,9,34,0.791
Monmouth (CAA),11,4-7,38,17,10,3,30,0.789
Murray St. (MVFC),11,2-9,28,5,10,7,22,0.786
Houston Christian (Southland),10,5-5,32,11,6,8,25,0.781
Samford (SoCon),11,6-5,41,17,9,6,32,0.780
Alabama A&M (SWAC),11,5-6,45,18,11,6,35,0.778
Western Caro. (SoCon),11,7-4,57,15,19,10,44,0.772
Wagner (NEC),11,4-7,30,7,14,2,23,0.767
Bucknell (Patriot),11,4-7,34,9,12,5,26,0.765
Cornell (Ivy League),10,3-7,34,9,6,11,26,0.765
N.C. A&T (CAA),11,1-10,25,7,3,9,19,0.760
Villanova (CAA),13,10-3,50,24,8,6,38,0.760
Dayton (Pioneer),11,4-7,41,17,9,5,31,0.756
Norfolk St. (MEAC),11,3-8,45,12,14,8,34,0.756
Delaware (CAA),13,9-4,53,18,14,8,40,0.755
Kennesaw St. (FCS Independent),9,3-6,28,15,2,4,21,0.750
UIW (Southland),10,8-2,44,15,14,4,33,0.750
Southeastern La. (Southland),11,3-8,51,17,12,9,38,0.745
Mercer (SoCon),13,9-4,43,17,6,9,32,0.744
Brown (Ivy League),10,5-5,39,10,11,8,29,0.744
Jackson St. (SWAC),11,7-4,39,12,10,7,29,0.744
Tennessee Tech (OVC),11,4-7,27,9,8,3,20,0.741
Nicholls (Southland),11,6-5,42,17,7,7,31,0.738
Northern Ariz. (Big Sky),11,5-6,38,20,5,3,28,0.737
San Diego (Pioneer),11,4-7,38,11,10,7,28,0.737
North Ala. (ASUN),11,3-8,34,10,13,2,25,0.735
South Carolina St. (MEAC),11,5-6,30,14,3,5,22,0.733
Southern U. (SWAC),11,6-5,30,11,6,5,22,0.733
Robert Morris (OVC),11,4-7,33,6,13,5,24,0.727
ETSU (SoCon),11,3-8,29,9,4,8,21,0.724
Georgetown (Patriot),11,5-6,43,11,12,8,31,0.721
LIU (NEC),11,4-7,32,10,7,6,23,0.719
Western Ill. (MVFC),11,0-11,21,4,6,5,15,0.714
Lamar University (Southland),11,6-5,38,13,10,4,27,0.711
Sacred Heart (NEC),11,2-9,31,8,5,9,22,0.710
Alabama St. (SWAC),11,7-4,37,10,9,7,26,0.703
Eastern Ill. (OVC),11,8-3,40,14,8,6,28,0.700
Morgan St. (MEAC),10,4-6,23,6,4,6,16,0.696
VMI (SoCon),11,5-6,29,12,4,4,20,0.690
Indiana St. (MVFC),11,1-10,22,4,3,8,15,0.682
Columbia (Ivy League),10,3-7,25,8,4,5,17,0.680
Northwestern St. (Southland),6,0-6,18,5,2,5,12,0.667
Rhode Island (CAA),11,6-5,39,18,4,4,26,0.667
Cal Poly (Big Sky),11,3-8,35,5,12,6,23,0.657
Valparaiso (Pioneer),11,3-8,32,5,9,7,21,0.656
Delaware St. (MEAC),11,1-10,29,7,7,5,19,0.655
Princeton (Ivy League),10,5-5,26,9,6,2,17,0.654
Mississippi Val. (SWAC),11,1-10,22,6,5,3,14,0.636
Marist (Pioneer),11,4-7,35,6,11,5,22,0.629
Ark.-Pine Bluff (SWAC),11,2-9,31,11,6,2,19,0.613
Stony Brook (CAA),10,0-10,30,5,5,7,17,0.567
The Citadel (SoCon),11,0-11,26,6,1,6,13,0.500
Stonehill (NEC),10,5-5,34,13,10,7,30,0.882
St. Thomas (MN) (Pioneer),11,8-3,30,15,8,2,25,0.833
Utah Tech (ASUN),11,2-9,38,8,14,8,30,0.789
Tarleton St. (ASUN),11,8-3,47,19,9,9,37,0.787
Lindenwood (OVC),10,3-7,22,6,6,4,16,0.727
Tex. A&M-Commerce (Southland),10,1-9,20,7,4,1,12,0.600
