First Down Def Rank,Team,Games,Win-Loss,Opp First Down Runs,Opp First Down Passes,Opp First Down Penalties,Opp First Downs
1,James Madison (Sun Belt),11,8-3,44,95,13,152
2,Air Force (Mountain West),12,9-3,68,84,5,157
3,Minnesota (Big Ten),12,8-4,68,94,10,172
4,Ohio St. (Big Ten),12,11-1,66,87,20,173
5,Illinois (Big Ten),12,8-4,63,89,26,178
6,Boise St. (Mountain West),13,9-4,90,79,12,181
7,Marshall (Sun Belt),12,8-4,60,102,20,182
8,Kentucky (SEC),12,7-5,83,91,13,187
8,Navy (AAC),12,4-8,64,110,13,187
10,Iowa St. (Big 12),12,4-8,79,90,19,188
11,Iowa (Big Ten),12,7-5,87,93,13,193
12,Michigan (Big Ten),13,13-0,65,118,14,197
12,Wisconsin (Big Ten),12,6-6,67,111,19,197
14,NC State (ACC),12,8-4,60,113,25,198
15,Georgia (SEC),13,13-0,58,120,21,199
16,San Jose St. (Mountain West),11,7-4,82,106,15,203
17,Utah (Pac-12),13,10-3,76,116,14,206
18,Virginia (ACC),10,3-7,85,103,20,208
19,Pittsburgh (ACC),12,8-4,65,114,30,209
20,Notre Dame (FBS Independent),12,8-4,93,95,23,211
20,San Diego St. (Mountain West),12,7-5,85,109,17,211
22,Penn St. (Big Ten),12,10-2,81,112,19,212
23,New Mexico (Mountain West),12,2-10,99,92,22,213
23,South Alabama (Sun Belt),12,10-2,71,108,34,213
25,Liberty (FBS Independent),12,8-4,88,100,27,215
26,Western Mich. (MAC),12,5-7,85,105,27,217
27,Mississippi St. (SEC),12,8-4,89,101,30,220
27,Missouri (SEC),12,6-6,92,104,24,220
29,Florida St. (ACC),12,9-3,100,98,23,221
29,Texas St. (Sun Belt),12,4-8,72,133,16,221
31,Alabama (SEC),12,10-2,88,102,33,223
31,Buffalo (MAC),12,6-6,89,109,25,223
31,Miami (FL) (ACC),12,5-7,94,107,22,223
31,Oregon St. (Pac-12),12,9-3,91,113,19,223
31,Virginia Tech (ACC),11,3-8,88,107,28,223
36,Rice (C-USA),12,5-7,93,106,25,224
36,Toledo (MAC),13,8-5,103,108,13,224
38,Louisiana (Sun Belt),12,6-6,93,108,25,226
38,UTEP (C-USA),12,5-7,91,112,23,226
40,Massachusetts (FBS Independent),12,1-11,103,88,36,227
41,Louisville (ACC),12,7-5,104,101,23,228
41,Purdue (Big Ten),13,8-5,85,117,26,228
41,Southern Miss. (Sun Belt),12,6-6,95,113,20,228
44,App State (Sun Belt),12,6-6,89,121,22,232
44,Army West Point (FBS Independent),12,6-6,125,93,14,232
44,Temple (AAC),12,3-9,110,110,12,232
47,Wyoming (Mountain West),12,7-5,104,112,17,233
48,Nevada (Mountain West),12,2-10,93,119,23,235
48,UAB (C-USA),12,6-6,99,116,20,235
50,Rutgers (Big Ten),12,4-8,97,111,28,236
51,Clemson (ACC),13,11-2,83,132,22,237
51,Memphis (AAC),12,6-6,87,133,17,237
51,Syracuse (ACC),12,7-5,116,106,15,237
54,New Mexico St. (FBS Independent),12,6-6,105,111,22,238
55,Miami (OH) (MAC),12,6-6,88,130,21,239
55,Washington St. (Pac-12),12,7-5,99,123,17,239
57,Boston College (ACC),12,3-9,99,116,25,240
57,Texas Tech (Big 12),12,7-5,101,119,20,240
59,Cincinnati (AAC),12,9-3,102,107,33,242
59,Colorado St. (Mountain West),12,3-9,114,110,18,242
61,Fresno St. (Mountain West),13,9-4,104,115,25,244
61,Northwestern (Big Ten),12,1-11,125,98,21,244
63,Auburn (SEC),12,5-7,109,119,17,245
64,Coastal Carolina (Sun Belt),12,9-3,87,143,16,246
64,Tulane (AAC),13,11-2,118,116,12,246
64,Wake Forest (ACC),12,7-5,98,135,13,246
67,Central Mich. (MAC),12,4-8,105,126,16,247
67,Tulsa (AAC),12,5-7,123,105,19,247
69,Kansas St. (Big 12),13,10-3,97,129,22,248
69,LSU (SEC),13,9-4,112,118,18,248
71,Arkansas St. (Sun Belt),12,3-9,114,110,25,249
71,Duke (ACC),12,8-4,89,142,18,249
71,Texas A&M (SEC),12,5-7,129,95,25,249
74,Ole Miss (SEC),12,8-4,114,117,19,250
74,UNLV (Mountain West),12,5-7,116,111,23,250
76,Eastern Mich. (MAC),12,8-4,101,113,37,251
76,Texas (Big 12),12,8-4,86,143,22,251
78,Baylor (Big 12),12,6-6,107,126,19,252
78,Fla. Atlantic (C-USA),12,5-7,95,131,26,252
78,Oklahoma St. (Big 12),12,7-5,95,143,14,252
78,Utah St. (Mountain West),12,6-6,119,106,27,252
82,Akron (MAC),12,2-10,111,118,24,253
83,East Carolina (AAC),12,7-5,85,160,10,255
83,Maryland (Big Ten),12,7-5,96,122,37,255
85,Troy (Sun Belt),13,11-2,103,130,23,256
85,Vanderbilt (SEC),12,5-7,90,145,21,256
87,Washington (Pac-12),12,10-2,104,129,24,257
88,ULM (Sun Belt),12,4-8,117,127,14,258
89,Bowling Green (MAC),12,6-6,102,139,19,260
89,UCF (AAC),13,9-4,94,137,29,260
89,West Virginia (Big 12),12,5-7,102,136,22,260
92,TCU (Big 12),13,12-1,110,133,18,261
93,UConn (FBS Independent),12,6-6,118,120,24,262
94,Oregon (Pac-12),12,9-3,87,150,26,263
95,Arkansas (SEC),12,6-6,107,131,26,264
95,BYU (FBS Independent),12,7-5,111,127,26,264
95,Middle Tenn. (C-USA),12,7-5,88,154,22,264
95,UTSA (C-USA),13,11-2,106,137,21,264
99,Georgia St. (Sun Belt),12,4-8,124,112,29,265
99,South Carolina (SEC),12,8-4,125,109,31,265
99,Stanford (Pac-12),12,3-9,135,107,23,265
102,NIU (MAC),12,3-9,97,143,27,267
103,SMU (AAC),12,7-5,122,127,19,268
104,UCLA (Pac-12),12,9-3,101,147,21,269
105,Florida (SEC),12,6-6,124,130,18,272
105,Michigan St. (Big Ten),12,5-7,114,140,18,272
107,Tennessee (SEC),12,10-2,86,158,29,273
108,Georgia Tech (ACC),12,5-7,128,115,31,274
109,Indiana (Big Ten),12,4-8,104,149,23,276
109,Nebraska (Big Ten),12,4-8,133,129,14,276
109,Western Ky. (C-USA),13,8-5,112,141,23,276
112,Kent St. (MAC),12,5-7,111,151,17,279
113,Ball St. (MAC),12,5-7,126,129,25,280
114,California (Pac-12),12,4-8,107,162,12,281
115,Hawaii (Mountain West),13,3-10,132,129,21,282
115,Houston (AAC),12,7-5,103,151,28,282
117,Old Dominion (Sun Belt),12,3-9,130,126,27,283
118,Arizona St. (Pac-12),12,3-9,120,138,30,288
119,Louisiana Tech (C-USA),12,3-9,140,124,26,290
120,FIU (C-USA),12,4-8,120,142,29,291
121,Charlotte (C-USA),12,3-9,130,136,26,292
122,Ga. Southern (Sun Belt),12,6-6,153,126,14,293
122,Ohio (MAC),13,9-4,91,179,23,293
124,Kansas (Big 12),12,6-6,125,145,24,294
124,Southern California (Pac-12),13,11-2,111,156,27,294
126,North Carolina (ACC),13,9-4,117,157,26,300
127,North Texas (C-USA),13,7-6,135,156,15,306
128,Arizona (Pac-12),12,5-7,140,139,30,309
128,Colorado (Pac-12),12,1-11,150,145,14,309
128,Oklahoma (Big 12),12,6-6,132,154,23,309
128,South Fla. (AAC),12,1-11,134,159,16,309
