Redzone Off Rank,Team,Games,Win-Loss,Redzone Attempts,Redzone Rush TD,Redzone Pass TD,Redzone Field Goals Made,Redzone Scores,Redzone Points
1,Georgia (SEC),13,13-0,71,30,18,21,69,0.972
2,Clemson (ACC),13,11-2,58,26,18,12,56,0.966
3,Eastern Mich. (MAC),12,8-4,45,21,13,9,43,0.956
4,Ohio St. (Big Ten),12,11-1,58,22,22,11,55,0.948
5,Michigan (Big Ten),13,13-0,64,29,14,17,60,0.938
6,Tennessee (SEC),12,10-2,63,34,16,9,59,0.937
7,Purdue (Big Ten),13,8-5,53,16,18,15,49,0.925
8,Texas Tech (Big 12),12,7-5,50,23,12,11,46,0.92
9,Arkansas St. (Sun Belt),12,3-9,36,13,9,11,33,0.917
10,Washington St. (Pac-12),12,7-5,47,15,19,9,43,0.915
11,Texas St. (Sun Belt),12,4-8,35,7,13,12,32,0.914
12,SMU (AAC),12,7-5,58,22,20,11,53,0.914
13,West Virginia (Big 12),12,5-7,46,19,10,13,42,0.913
14,Maryland (Big Ten),12,7-5,45,18,14,9,41,0.911
15,Kansas St. (Big 12),13,10-3,52,21,10,16,47,0.904
16,Mississippi St. (SEC),12,8-4,41,9,23,5,37,0.902
17,UTSA (C-USA),13,11-2,61,21,20,14,55,0.902
18,Buffalo (MAC),12,6-6,40,16,10,10,36,0.9
18,Cincinnati (AAC),12,9-3,40,13,8,15,36,0.9
18,NIU (MAC),12,3-9,40,12,12,12,36,0.9
21,Ga. Southern (Sun Belt),12,6-6,49,17,14,13,44,0.898
22,Houston (AAC),12,7-5,58,13,26,13,52,0.897
23,Penn St. (Big Ten),12,10-2,48,19,17,7,43,0.896
24,Texas A&M (SEC),12,5-7,38,11,12,11,34,0.895
25,Wyoming (Mountain West),12,7-5,28,9,4,12,25,0.893
26,Texas (Big 12),12,8-4,55,20,15,14,49,0.891
27,Ohio (MAC),13,9-4,63,21,18,17,56,0.889
28,Alabama (SEC),12,10-2,60,19,21,13,53,0.883
29,Memphis (AAC),12,6-6,59,26,12,14,52,0.881
30,Auburn (SEC),12,5-7,42,18,6,13,37,0.881
30,Ball St. (MAC),12,5-7,42,10,15,12,37,0.881
32,Oklahoma St. (Big 12),12,7-5,50,17,12,15,44,0.88
32,Tulsa (AAC),12,5-7,50,15,16,13,44,0.88
34,ULM (Sun Belt),12,4-8,33,13,8,8,29,0.879
35,Toledo (MAC),13,8-5,49,16,19,8,43,0.878
36,UConn (FBS Independent),12,6-6,32,13,6,9,28,0.875
37,Air Force (Mountain West),12,9-3,39,24,1,9,34,0.872
37,Army West Point (FBS Independent),12,6-6,39,26,1,7,34,0.872
39,Stanford (Pac-12),12,3-9,31,13,8,6,27,0.871
39,Wake Forest (ACC),12,7-5,62,14,28,12,54,0.871
41,Boise St. (Mountain West),13,9-4,53,18,14,14,46,0.868
42,Notre Dame (FBS Independent),12,8-4,45,22,10,7,39,0.867
42,Syracuse (ACC),12,7-5,45,16,11,12,39,0.867
44,North Texas (C-USA),13,7-6,52,17,16,12,45,0.865
45,Charlotte (C-USA),12,3-9,37,10,19,3,32,0.865
46,Minnesota (Big Ten),12,8-4,51,29,6,9,44,0.863
47,LSU (SEC),13,9-4,58,32,9,9,50,0.862
48,Washington (Pac-12),12,10-2,65,28,15,13,56,0.862
49,Akron (MAC),12,2-10,43,14,10,13,37,0.86
49,NC State (ACC),12,8-4,43,7,13,17,37,0.86
51,UCLA (Pac-12),12,9-3,64,27,17,11,55,0.859
52,Kansas (Big 12),12,6-6,56,23,18,7,48,0.857
52,New Mexico St. (FBS Independent),12,6-6,35,21,5,4,30,0.857
52,Tulane (AAC),13,11-2,63,25,18,11,54,0.857
52,Vanderbilt (SEC),12,5-7,35,10,14,6,30,0.857
56,Nebraska (Big Ten),12,4-8,34,15,7,7,29,0.853
56,Temple (AAC),12,3-9,34,8,11,10,29,0.853
58,South Fla. (AAC),12,1-11,47,18,14,8,40,0.851
59,UNLV (Mountain West),12,5-7,40,14,9,11,34,0.85
60,Oregon (Pac-12),12,9-3,66,27,19,10,56,0.848
61,Arizona St. (Pac-12),12,3-9,46,18,14,7,39,0.848
62,Southern California (Pac-12),13,11-2,72,26,28,7,61,0.847
63,Wisconsin (Big Ten),12,6-6,39,13,12,8,33,0.846
64,Louisville (ACC),12,7-5,45,16,6,16,38,0.844
64,Oklahoma (Big 12),12,6-6,45,21,10,7,38,0.844
66,South Carolina (SEC),12,8-4,51,24,12,7,43,0.843
67,James Madison (Sun Belt),11,8-3,56,22,15,10,47,0.839
68,East Carolina (AAC),12,7-5,49,19,11,11,41,0.837
68,South Alabama (Sun Belt),12,10-2,49,18,12,11,41,0.837
70,Florida St. (ACC),12,9-3,61,27,16,8,51,0.836
71,San Jose St. (Mountain West),11,7-4,48,16,12,12,40,0.833
72,Western Ky. (C-USA),13,8-5,53,13,21,10,44,0.83
73,Georgia St. (Sun Belt),12,4-8,41,21,8,5,34,0.829
74,Nevada (Mountain West),12,2-10,35,17,2,10,29,0.829
74,Utah (Pac-12),13,10-3,70,30,20,8,58,0.829
76,California (Pac-12),12,4-8,40,8,16,9,33,0.825
77,Arkansas (SEC),12,6-6,51,20,13,9,42,0.824
78,Virginia Tech (ACC),11,3-8,28,14,4,5,23,0.821
79,Hawaii (Mountain West),13,3-10,39,11,7,14,32,0.821
80,Navy (AAC),12,4-8,33,16,1,10,27,0.818
80,TCU (Big 12),13,12-1,55,22,15,8,45,0.818
82,Arizona (Pac-12),12,5-7,54,15,17,12,44,0.815
82,Oregon St. (Pac-12),12,9-3,54,27,9,8,44,0.815
84,Rice (C-USA),12,5-7,43,16,9,10,35,0.814
85,Boston College (ACC),12,3-9,32,4,14,8,26,0.812
85,Miami (FL) (ACC),12,5-7,48,12,14,13,39,0.812
85,San Diego St. (Mountain West),12,7-5,32,5,7,14,26,0.812
88,Baylor (Big 12),12,6-6,52,29,8,5,42,0.808
88,Duke (ACC),12,8-4,52,21,11,10,42,0.808
88,Iowa (Big Ten),12,7-5,26,7,4,10,21,0.808
91,Miami (OH) (MAC),12,6-6,36,10,8,11,29,0.806
92,Pittsburgh (ACC),12,8-4,41,20,5,8,33,0.805
93,Middle Tenn. (C-USA),12,7-5,51,17,12,12,41,0.804
94,Fresno St. (Mountain West),13,9-4,60,20,12,16,48,0.8
94,Illinois (Big Ten),12,8-4,50,14,9,17,40,0.8
94,Liberty (FBS Independent),12,8-4,45,17,11,8,36,0.8
94,Massachusetts (FBS Independent),12,1-11,25,8,2,10,20,0.8
94,Troy (Sun Belt),13,11-2,45,16,8,12,36,0.8
94,UTEP (C-USA),12,5-7,40,11,7,14,32,0.8
100,Ole Miss (SEC),12,8-4,59,26,12,9,47,0.797
101,App State (Sun Belt),12,6-6,54,21,14,8,43,0.796
102,Fla. Atlantic (C-USA),12,5-7,49,16,17,6,39,0.796
103,Missouri (SEC),12,6-6,44,18,8,9,35,0.795
104,Southern Miss. (Sun Belt),12,6-6,34,8,5,14,27,0.794
105,UCF (AAC),13,9-4,62,26,12,11,49,0.79
106,North Carolina (ACC),13,9-4,66,19,23,10,52,0.788
107,Kentucky (SEC),12,7-5,47,8,17,12,37,0.787
108,BYU (FBS Independent),12,7-5,42,10,15,8,33,0.786
108,New Mexico (Mountain West),12,2-10,28,11,2,9,22,0.786
108,Old Dominion (Sun Belt),12,3-9,28,5,9,8,22,0.786
108,Rutgers (Big Ten),12,4-8,28,7,8,7,22,0.786
112,Louisiana (Sun Belt),12,6-6,41,9,14,9,32,0.78
113,Bowling Green (MAC),12,6-6,36,7,12,9,28,0.778
114,Kent St. (MAC),12,5-7,49,20,7,11,38,0.776
115,UAB (C-USA),12,6-6,48,19,9,9,37,0.771
116,Coastal Carolina (Sun Belt),12,9-3,38,16,9,4,29,0.763
117,Florida (SEC),12,6-6,50,21,10,7,38,0.76
118,Colorado (Pac-12),12,1-11,29,9,6,7,22,0.759
119,Northwestern (Big Ten),12,1-11,33,11,7,7,25,0.758
120,Virginia (ACC),10,3-7,32,12,4,8,24,0.75
121,Indiana (Big Ten),12,4-8,43,10,12,10,32,0.744
122,Central Mich. (MAC),12,4-8,42,19,10,2,31,0.738
123,Western Mich. (MAC),12,5-7,33,11,3,10,24,0.727
124,Michigan St. (Big Ten),12,5-7,39,15,10,3,28,0.718
125,Louisiana Tech (C-USA),12,3-9,49,11,12,12,35,0.714
126,Georgia Tech (ACC),12,5-7,38,10,5,12,27,0.711
127,Iowa St. (Big 12),12,4-8,44,9,13,9,31,0.705
128,Utah St. (Mountain West),12,6-6,37,10,8,8,26,0.703
129,Marshall (Sun Belt),12,8-4,46,14,8,10,32,0.696
130,FIU (C-USA),12,4-8,34,9,10,4,23,0.676
131,Colorado St. (Mountain West),12,3-9,23,2,3,7,12,0.522
