Redzone Def Rank,Team,Games,Win-Loss,Opp Redzone Attempts,Opp Redzone Rush TD Allowed,Opp Redzone Pass Touchdowns Allowed,Opp Redzone Field Goals Made,Opp Redzone Scores,Redzone Points Allowed
1,Georgia (SEC),13,13-0,28,5,4,8,17,0.607
2,Middle Tenn. (C-USA),12,7-5,46,11,13,7,31,0.674
3,Oregon St. (Pac-12),12,9-3,40,13,7,7,27,0.675
4,San Diego St. (Mountain West),12,7-5,37,9,11,5,25,0.676
5,UCF (AAC),13,9-4,54,15,9,13,37,0.685
6,San Jose St. (Mountain West),11,7-4,35,11,8,6,25,0.714
7,Penn St. (Big Ten),12,10-2,39,10,7,11,28,0.718
8,Texas A&M (SEC),12,5-7,44,12,10,10,32,0.727
9,Texas Tech (Big 12),12,7-5,53,14,9,16,39,0.736
10,Louisville (ACC),12,7-5,42,10,10,11,31,0.738
11,Illinois (Big Ten),12,8-4,27,6,4,10,20,0.741
12,Ga. Southern (Sun Belt),12,6-6,58,22,6,15,43,0.741
13,Old Dominion (Sun Belt),12,3-9,47,14,7,14,35,0.745
14,Air Force (Mountain West),12,9-3,25,6,4,9,19,0.76
15,Texas (Big 12),12,8-4,38,10,9,10,29,0.763
15,Washington (Pac-12),12,10-2,38,12,11,6,29,0.763
17,Army West Point (FBS Independent),12,6-6,43,15,10,8,33,0.767
18,Alabama (SEC),12,10-2,39,11,8,11,30,0.769
18,Wisconsin (Big Ten),12,6-6,39,13,10,7,30,0.769
20,Oregon (Pac-12),12,9-3,48,16,12,9,37,0.771
20,Tennessee (SEC),12,10-2,48,12,14,11,37,0.771
22,Central Mich. (MAC),12,4-8,44,13,15,6,34,0.773
23,Boise St. (Mountain West),13,9-4,31,12,1,11,24,0.774
24,Cincinnati (AAC),12,9-3,40,13,10,8,31,0.775
24,Washington St. (Pac-12),12,7-5,40,13,9,9,31,0.775
26,Stanford (Pac-12),12,3-9,45,14,12,9,35,0.778
27,Indiana (Big Ten),12,4-8,55,15,19,9,43,0.782
28,Michigan St. (Big Ten),12,5-7,47,12,17,8,37,0.787
29,Wake Forest (ACC),12,7-5,48,10,17,11,38,0.792
30,Michigan (Big Ten),13,13-0,29,5,6,12,23,0.793
31,Iowa (Big Ten),12,7-5,34,4,10,13,27,0.794
32,Fresno St. (Mountain West),13,9-4,44,12,9,14,35,0.795
32,UTEP (C-USA),12,5-7,44,11,14,10,35,0.795
34,UNLV (Mountain West),12,5-7,54,17,11,15,43,0.796
35,LSU (SEC),13,9-4,45,15,7,14,36,0.8
35,South Alabama (Sun Belt),12,10-2,35,7,10,11,28,0.8
35,UTSA (C-USA),13,11-2,45,15,10,11,36,0.8
35,Western Mich. (MAC),12,5-7,45,16,8,12,36,0.8
39,Southern California (Pac-12),13,11-2,51,22,12,7,41,0.804
40,Georgia Tech (ACC),12,5-7,46,16,8,13,37,0.804
41,East Carolina (AAC),12,7-5,41,10,12,11,33,0.805
41,Texas St. (Sun Belt),12,4-8,41,15,8,10,33,0.805
43,App State (Sun Belt),12,6-6,36,16,8,5,29,0.806
43,Kansas St. (Big 12),13,10-3,36,13,10,6,29,0.806
45,Coastal Carolina (Sun Belt),12,9-3,47,15,9,14,38,0.809
45,Maryland (Big Ten),12,7-5,47,11,14,13,38,0.809
47,Clemson (ACC),13,11-2,42,11,12,11,34,0.81
47,Liberty (FBS Independent),12,8-4,42,14,10,10,34,0.81
49,California (Pac-12),12,4-8,48,17,16,6,39,0.812
49,Kentucky (SEC),12,7-5,32,12,5,9,26,0.812
49,Temple (AAC),12,3-9,48,15,13,11,39,0.812
52,Mississippi St. (SEC),12,8-4,43,13,11,11,35,0.814
52,Nevada (Mountain West),12,2-10,43,15,8,12,35,0.814
52,Pittsburgh (ACC),12,8-4,43,10,14,11,35,0.814
55,Marshall (Sun Belt),12,8-4,27,8,6,8,22,0.815
56,Troy (Sun Belt),13,11-2,38,14,8,9,31,0.816
57,Bowling Green (MAC),12,6-6,50,19,15,7,41,0.82
58,Purdue (Big Ten),13,8-5,39,11,14,7,32,0.821
59,Charlotte (C-USA),12,3-9,57,23,13,11,47,0.825
60,Kent St. (MAC),12,5-7,46,15,10,13,38,0.826
60,UConn (FBS Independent),12,6-6,46,19,9,10,38,0.826
62,New Mexico St. (FBS Independent),12,6-6,41,15,9,10,34,0.829
63,Miami (FL) (ACC),12,5-7,47,17,10,12,39,0.83
64,Florida St. (ACC),12,9-3,36,10,10,10,30,0.833
64,Memphis (AAC),12,6-6,42,16,12,7,35,0.833
64,Tulane (AAC),13,11-2,36,11,9,10,30,0.833
67,South Fla. (AAC),12,1-11,61,24,13,14,51,0.836
68,Louisiana Tech (C-USA),12,3-9,55,21,11,14,46,0.836
69,South Carolina (SEC),12,8-4,49,18,15,8,41,0.837
70,West Virginia (Big 12),12,5-7,43,19,10,7,36,0.837
71,FIU (C-USA),12,4-8,62,26,13,13,52,0.839
72,Florida (SEC),12,6-6,50,23,9,10,42,0.84
72,SMU (AAC),12,7-5,50,20,12,10,42,0.84
74,Kansas (Big 12),12,6-6,57,27,8,13,48,0.842
75,North Texas (C-USA),13,7-6,51,19,12,12,43,0.843
76,Ball St. (MAC),12,5-7,45,19,10,9,38,0.844
76,TCU (Big 12),13,12-1,45,19,9,10,38,0.844
76,Vanderbilt (SEC),12,5-7,45,13,15,10,38,0.844
76,Wyoming (Mountain West),12,7-5,45,14,12,12,38,0.844
80,Akron (MAC),12,2-10,53,23,10,12,45,0.849
80,Oklahoma (Big 12),12,6-6,53,25,11,9,45,0.849
82,Colorado (Pac-12),12,1-11,68,31,21,6,58,0.853
83,Syracuse (ACC),12,7-5,41,13,12,10,35,0.854
84,Arkansas (SEC),12,6-6,48,18,12,11,41,0.854
85,Southern Miss. (Sun Belt),12,6-6,35,13,7,10,30,0.857
85,UAB (C-USA),12,6-6,42,20,11,5,36,0.857
87,Buffalo (MAC),12,6-6,43,17,12,8,37,0.86
88,Fla. Atlantic (C-USA),12,5-7,45,13,18,8,39,0.867
89,Toledo (MAC),13,8-5,38,18,9,6,33,0.868
90,James Madison (Sun Belt),11,8-3,23,5,7,8,20,0.87
90,North Carolina (ACC),13,9-4,46,22,12,6,40,0.87
90,UCLA (Pac-12),12,9-3,46,16,15,9,40,0.87
93,Miami (OH) (MAC),12,6-6,39,12,11,11,34,0.872
94,BYU (FBS Independent),12,7-5,56,18,17,14,49,0.875
94,Boston College (ACC),12,3-9,48,18,14,10,42,0.875
94,Georgia St. (Sun Belt),12,4-8,40,17,13,5,35,0.875
94,Ohio (MAC),13,9-4,48,14,17,11,42,0.875
94,Utah (Pac-12),13,10-3,40,11,16,8,35,0.875
99,Arizona (Pac-12),12,5-7,57,27,18,5,50,0.877
100,Rice (C-USA),12,5-7,49,14,20,9,43,0.878
101,Western Ky. (C-USA),13,8-5,41,12,12,12,36,0.878
102,NC State (ACC),12,8-4,33,12,8,9,29,0.879
103,Minnesota (Big Ten),12,8-4,25,7,3,12,22,0.88
104,Virginia (ACC),10,3-7,34,10,5,15,30,0.882
105,Hawaii (Mountain West),13,3-10,60,21,15,17,53,0.883
106,Navy (AAC),12,4-8,35,5,11,15,31,0.886
107,Massachusetts (FBS Independent),12,1-11,44,22,8,9,39,0.886
107,Northwestern (Big Ten),12,1-11,44,19,11,9,39,0.886
109,ULM (Sun Belt),12,4-8,53,26,10,11,47,0.887
110,Louisiana (Sun Belt),12,6-6,36,14,9,9,32,0.889
111,Auburn (SEC),12,5-7,46,24,7,10,41,0.891
112,Arizona St. (Pac-12),12,3-9,56,28,10,12,50,0.893
113,Tulsa (AAC),12,5-7,47,16,9,17,42,0.894
114,Duke (ACC),12,8-4,38,8,17,9,34,0.895
114,Virginia Tech (ACC),11,3-8,38,11,8,15,34,0.895
116,Nebraska (Big Ten),12,4-8,41,16,11,10,37,0.902
116,Oklahoma St. (Big 12),12,7-5,41,13,11,13,37,0.902
118,Iowa St. (Big 12),12,4-8,32,7,15,7,29,0.906
119,Ole Miss (SEC),12,8-4,44,13,17,10,40,0.909
120,Baylor (Big 12),12,6-6,45,20,10,11,41,0.911
121,Ohio St. (Big Ten),12,11-1,23,6,8,7,21,0.913
122,Missouri (SEC),12,6-6,35,16,7,9,32,0.914
123,NIU (MAC),12,3-9,47,14,18,11,43,0.915
124,Arkansas St. (Sun Belt),12,3-9,36,17,10,6,33,0.917
125,Utah St. (Mountain West),12,6-6,43,12,17,11,40,0.93
126,New Mexico (Mountain West),12,2-10,29,13,4,10,27,0.931
127,Colorado St. (Mountain West),12,3-9,44,23,10,8,41,0.932
128,Eastern Mich. (MAC),12,8-4,46,17,14,12,43,0.935
129,Notre Dame (FBS Independent),12,8-4,33,14,12,5,31,0.939
130,Houston (AAC),12,7-5,51,15,19,14,48,0.941
131,Rutgers (Big Ten),12,4-8,41,21,8,10,39,0.951
