Team,Games,Win-Loss,First Down Runs,First Down Passes,First Down Penalties,First Downs
Michigan (Big Ten),13,10-3,91,71,24,186
Army West Point (FBS Independent),13,8-5,87,91,10,188
LSU (SEC),12,8-4,77,100,15,192
Southern Miss. (CUSA),13,7-6,90,83,20,193
Ohio St. (Big Ten),13,11-2,88,104,8,200
Boston College (ACC),13,7-6,67,107,27,201
Florida (SEC),13,9-4,96,83,27,206
Georgia (SEC),13,8-5,101,96,11,208
Houston (AAC),13,9-4,74,123,16,213
Temple (AAC),14,10-4,101,96,18,215
Duke (ACC),12,4-8,103,102,11,216
Tulane (AAC),12,4-8,100,98,18,216
Alabama (SEC),15,14-1,71,125,21,217
Michigan St. (Big Ten),12,3-9,92,108,23,223
Louisville (ACC),13,9-4,84,115,28,227
Wisconsin (Big Ten),14,11-3,83,130,16,229
Air Force (Mountain West),13,10-3,78,127,24,229
Nebraska (Big Ten),13,9-4,91,121,19,231
App State (Sun Belt),13,10-3,83,125,24,232
Iowa (Big Ten),13,8-5,106,115,15,236
San Diego St. (Mountain West),14,11-3,92,126,18,236
Virginia Tech (ACC),14,10-4,98,116,26,240
Rutgers (Big Ten),12,2-10,143,87,12,242
Notre Dame (FBS Independent),12,4-8,120,102,22,244
BYU (FBS Independent),13,9-4,78,143,23,244
Florida St. (ACC),13,10-3,89,125,31,245
Miami (FL) (ACC),13,9-4,102,123,20,245
Colorado (Pac-12),14,10-4,99,128,19,246
Washington (Pac-12),14,12-2,98,119,29,246
Minnesota (Big Ten),13,9-4,95,129,23,247
NC State (ACC),13,7-6,81,141,26,248
Arkansas (SEC),13,7-6,114,124,11,249
Southern California (Pac-12),13,10-3,93,130,26,249
Troy (Sun Belt),13,10-3,92,136,22,250
Auburn (SEC),13,8-5,95,137,18,250
Western Mich. (MAC),14,13-1,111,125,15,251
Arkansas St. (Sun Belt),13,8-5,97,125,29,251
Wake Forest (ACC),13,7-6,107,129,15,251
UConn (AAC),12,3-9,89,149,13,251
Stanford (Pac-12),13,10-3,105,129,19,253
San Jose St. (Mountain West),12,4-8,148,89,16,253
Indiana (Big Ten),13,6-7,112,123,18,253
Utah (Pac-12),13,9-4,89,145,20,254
Ga. Southern (Sun Belt),12,5-7,113,116,25,254
New Mexico (Mountain West),13,9-4,107,121,26,254
Clemson (ACC),15,14-1,102,116,37,255
UCF (AAC),13,6-7,124,113,18,255
Toledo (MAC),13,9-4,110,126,20,256
East Carolina (AAC),12,3-9,129,107,20,256
Utah St. (Mountain West),12,3-9,144,87,26,257
Rice (CUSA),12,3-9,120,124,14,258
Virginia (ACC),12,2-10,102,135,21,258
Illinois (Big Ten),12,3-9,126,112,20,258
Buffalo (MAC),12,2-10,147,96,16,259
Central Mich. (MAC),13,6-7,108,134,17,259
Kent St. (MAC),12,3-9,134,105,21,260
Fresno St. (Mountain West),12,1-11,167,80,14,261
Purdue (Big Ten),12,3-9,135,112,14,261
Tulsa (AAC),13,10-3,107,138,16,261
Miami (OH) (MAC),13,6-7,114,119,29,262
Kansas St. (Big 12),13,9-4,89,155,18,262
Washington St. (Pac-12),13,8-5,89,151,24,264
Louisiana (Sun Belt),13,6-7,93,156,16,265
UTEP (CUSA),12,4-8,139,108,18,265
Nevada (Mountain West),12,5-7,168,89,8,265
Vanderbilt (SEC),13,6-7,108,138,20,266
Georgia St. (Sun Belt),12,3-9,138,110,19,267
Ohio (MAC),14,8-6,96,153,18,267
UCLA (Pac-12),12,4-8,105,129,33,267
UNLV (Mountain West),12,4-8,118,128,21,267
SMU (AAC),12,5-7,128,124,16,268
FIU (CUSA),12,4-8,120,138,11,269
Colorado St. (Mountain West),13,7-6,131,121,17,269
Ole Miss (SEC),12,5-7,137,116,17,270
UTSA (CUSA),13,6-7,115,128,28,271
Bowling Green (MAC),12,4-8,119,129,24,272
Ball St. (MAC),12,4-8,93,165,15,273
Missouri (SEC),12,4-8,120,133,20,273
Penn St. (Big Ten),14,11-3,109,140,25,274
TCU (Big 12),13,6-7,130,128,16,274
Syracuse (ACC),12,4-8,121,139,15,275
Oklahoma (Big 12),13,11-2,112,145,19,276
Texas (Big 12),12,5-7,124,128,24,276
South Alabama (Sun Belt),13,6-7,142,108,26,276
Oregon St. (Pac-12),12,4-8,133,118,26,277
Kansas (Big 12),12,2-10,149,107,21,277
Boise St. (Mountain West),13,10-3,144,120,14,278
Arizona St. (Pac-12),12,5-7,93,163,22,278
Old Dominion (CUSA),13,10-3,118,139,21,278
Northwestern (Big Ten),13,7-6,113,156,11,280
Georgia Tech (ACC),13,9-4,122,147,12,281
Western Ky. (CUSA),14,11-3,81,166,34,281
West Virginia (Big 12),13,10-3,118,144,22,284
North Texas (CUSA),13,5-8,147,103,34,284
North Carolina (ACC),13,8-5,154,108,23,285
Texas St. (Sun Belt),12,2-10,138,122,26,286
Massachusetts (FBS Independent),12,2-10,119,142,25,286
Cincinnati (AAC),12,4-8,133,136,18,287
New Mexico St. (Sun Belt),12,3-9,133,141,15,289
Marshall (CUSA),12,3-9,120,137,33,290
Charlotte (CUSA),12,4-8,95,169,26,290
Baylor (Big 12),13,7-6,133,128,29,290
Wyoming (Mountain West),14,8-6,120,152,18,290
Idaho (Sun Belt),13,9-4,108,155,28,291
NIU (MAC),12,5-7,120,141,31,292
ULM (Sun Belt),12,4-8,153,119,20,292
Iowa St. (Big 12),12,3-9,147,126,20,293
Tennessee (SEC),13,9-4,136,135,22,293
Akron (MAC),12,5-7,144,130,20,294
Kentucky (SEC),13,7-6,157,123,15,295
Oklahoma St. (Big 12),13,10-3,126,144,25,295
Fla. Atlantic (CUSA),12,3-9,142,137,17,296
South Carolina (SEC),13,6-7,144,134,20,298
Mississippi St. (SEC),13,6-7,110,172,16,298
Maryland (Big Ten),13,6-7,143,129,27,299
Arizona (Pac-12),12,3-9,130,141,31,302
Pittsburgh (ACC),13,8-5,87,193,23,303
Texas A&M (SEC),13,8-5,133,142,31,306
Navy (AAC),14,9-5,136,161,10,307
Memphis (AAC),13,8-5,137,147,25,309
Eastern Mich. (MAC),13,7-6,124,159,28,311
Middle Tenn. (CUSA),13,8-5,150,150,19,319
California (Pac-12),12,5-7,158,133,29,320
Texas Tech (Big 12),12,5-7,138,172,11,321
South Fla. (AAC),13,11-2,144,159,23,326
Hawaii (Mountain West),14,7-7,185,124,26,335
Louisiana Tech (CUSA),14,9-5,130,183,23,336
Oregon (Pac-12),12,4-8,157,156,24,337
Coastal Carolina (FBS Independent),12,10-2,79,114,16,209
