Team,Games,Win-Loss,Opp First Down Runs,Opp First Down Passes,Opp First Down Penalties,Opp First Downs
Wisconsin (Big Ten),13,9-4,55,98,17,170
Southern Miss. (C-USA),12,3-9,83,99,15,197
Air Force (Mountain West),13,10-3,80,105,15,200
Minnesota (Big Ten),13,9-4,83,101,18,202
Navy (AAC),12,4-8,86,105,14,205
Houston (AAC),14,12-2,81,109,18,208
NC State (ACC),12,9-3,70,108,36,214
Army West Point (FBS Independent),13,9-4,77,124,16,217
Washington (Pac-12),12,4-8,127,77,13,217
Iowa St. (Big 12),13,7-6,96,107,16,219
Mississippi St. (SEC),13,7-6,84,121,14,219
South Alabama (Sun Belt),12,5-7,96,103,20,219
Boston College (ACC),12,6-6,106,94,22,222
Clemson (ACC),13,10-3,74,128,20,222
Western Mich. (MAC),13,8-5,105,96,21,222
Syracuse (ACC),12,5-7,99,102,22,223
Oklahoma St. (Big 12),14,12-2,69,126,29,224
Boise St. (Mountain West),12,7-5,100,105,20,225
Georgia (SEC),15,14-1,81,119,25,225
Troy (Sun Belt),12,5-7,104,100,21,225
West Virginia (Big 12),13,6-7,97,113,15,225
New Mexico (Mountain West),12,3-9,99,102,25,226
Texas A&M (SEC),12,8-4,98,108,22,228
Nebraska (Big Ten),12,3-9,91,122,17,230
Arizona (Pac-12),12,1-11,109,93,29,231
Coastal Carolina (Sun Belt),13,11-2,106,109,17,232
East Carolina (AAC),12,7-5,100,114,18,232
Fresno St. (Mountain West),13,10-3,85,118,29,232
Kansas St. (Big 12),13,8-5,93,125,16,234
UAB (C-USA),13,9-4,84,110,40,234
Purdue (Big Ten),13,9-4,108,110,18,236
Michigan (Big Ten),14,12-2,96,127,14,237
Colorado St. (Mountain West),12,3-9,114,97,27,238
Fla. Atlantic (C-USA),12,5-7,92,128,20,240
SMU (AAC),12,8-4,80,140,20,240
South Carolina (SEC),13,7-6,123,102,15,240
Kentucky (SEC),13,10-3,82,138,21,241
Liberty (FBS Independent),13,8-5,116,97,28,241
Notre Dame (FBS Independent),13,11-2,105,126,14,245
San Diego St. (Mountain West),14,12-2,71,141,34,246
Buffalo (MAC),12,4-8,126,98,23,247
Central Mich. (MAC),13,9-4,101,130,16,247
Florida St. (ACC),12,5-7,95,125,27,247
UTEP (C-USA),13,7-6,95,115,39,249
Arkansas (SEC),13,9-4,102,119,29,250
Miami (FL) (ACC),12,7-5,98,126,26,250
San Jose St. (Mountain West),12,5-7,86,134,30,250
Rutgers (Big Ten),13,5-8,112,116,23,251
Illinois (Big Ten),12,5-7,117,119,16,252
North Texas (C-USA),13,6-7,99,122,31,252
Iowa (Big Ten),14,10-4,96,134,23,253
Wyoming (Mountain West),13,7-6,121,117,15,253
California (Pac-12),12,5-7,108,125,21,254
Indiana (Big Ten),12,2-10,103,133,19,255
Tulsa (AAC),13,7-6,92,135,29,256
App State (Sun Belt),14,10-4,100,132,25,257
Arizona St. (Pac-12),13,8-5,102,119,36,257
Bowling Green (MAC),12,4-8,136,94,27,257
LSU (SEC),13,6-7,103,142,12,257
UNLV (Mountain West),12,2-10,118,127,12,257
Northwestern (Big Ten),12,3-9,121,123,14,258
Texas (Big 12),12,5-7,117,127,14,258
UCLA (Pac-12),12,8-4,98,132,28,258
Miami (OH) (MAC),13,7-6,100,135,24,259
Toledo (MAC),13,7-6,102,122,35,259
Utah (Pac-12),14,10-4,103,136,21,260
Florida (SEC),13,6-7,111,117,33,261
Southern California (Pac-12),12,4-8,98,127,36,261
Auburn (SEC),13,6-7,87,154,21,262
Middle Tenn. (C-USA),13,7-6,111,134,17,262
Rice (C-USA),12,4-8,112,127,23,262
Alabama (SEC),15,13-2,86,141,36,263
TCU (Big 12),12,5-7,124,118,22,264
Cincinnati (AAC),14,13-1,124,120,22,266
Vanderbilt (SEC),12,2-10,115,133,18,266
Virginia Tech (ACC),13,6-7,122,124,20,266
Baylor (Big 12),14,12-2,99,141,27,267
Georgia Tech (ACC),12,3-9,116,132,19,267
Penn St. (Big Ten),13,7-6,123,121,24,268
Washington St. (Pac-12),13,7-6,123,128,17,268
Arkansas St. (Sun Belt),12,2-10,139,114,16,269
Charlotte (C-USA),12,5-7,120,134,15,269
Colorado (Pac-12),12,4-8,123,123,23,269
Ga. Southern (Sun Belt),12,3-9,104,141,24,269
Louisiana (Sun Belt),14,13-1,113,130,26,269
Temple (AAC),12,3-9,143,109,17,269
Tulane (AAC),12,2-10,107,144,21,272
Louisiana Tech (C-USA),12,3-9,112,141,22,275
Oklahoma (Big 12),13,11-2,102,152,21,275
Nevada (Mountain West),13,8-5,131,129,16,276
Old Dominion (C-USA),13,6-7,102,146,28,276
Maryland (Big Ten),13,7-6,113,130,34,277
Ohio St. (Big Ten),13,11-2,97,151,29,277
UCF (AAC),13,9-4,111,140,26,277
ULM (Sun Belt),12,4-8,110,156,11,277
BYU (FBS Independent),13,10-3,118,145,15,278
Marshall (C-USA),13,7-6,139,115,24,278
Stanford (Pac-12),12,3-9,152,111,15,278
Texas Tech (Big 12),13,7-6,99,160,19,278
New Mexico St. (FBS Independent),12,2-10,112,143,24,279
Pittsburgh (ACC),14,11-3,80,162,37,279
UTSA (C-USA),14,12-2,105,148,27,280
Virginia (ACC),12,6-6,119,132,30,281
Memphis (AAC),12,6-6,125,138,19,282
Georgia St. (Sun Belt),13,8-5,115,140,29,284
Kansas (Big 12),12,2-10,151,122,13,286
Massachusetts (FBS Independent),12,1-11,143,116,27,286
Oregon St. (Pac-12),13,7-6,118,142,26,286
Akron (MAC),12,2-10,158,113,16,287
UConn (FBS Independent),12,1-11,136,127,24,287
South Fla. (AAC),12,2-10,120,151,17,288
Ball St. (MAC),13,6-7,131,140,18,289
Duke (ACC),12,3-9,114,155,20,289
Utah St. (Mountain West),14,11-3,117,146,26,289
Louisville (ACC),13,6-7,118,148,26,292
Ohio (MAC),12,3-9,120,145,27,292
Tennessee (SEC),13,7-6,118,154,23,295
North Carolina (ACC),13,6-7,134,132,31,297
Eastern Mich. (MAC),13,7-6,144,134,20,298
Texas St. (Sun Belt),12,4-8,132,146,20,298
FIU (C-USA),12,1-11,149,137,13,299
Missouri (SEC),13,6-7,156,116,29,301
Hawaii (Mountain West),13,6-7,111,168,25,304
NIU (MAC),14,9-5,159,137,16,312
Wake Forest (ACC),14,11-3,148,137,29,314
Oregon (Pac-12),14,10-4,122,163,31,316
Michigan St. (Big Ten),13,11-2,102,192,25,319
Ole Miss (SEC),13,10-3,144,143,37,324
Western Ky. (C-USA),14,9-5,139,169,24,332
Kent St. (MAC),14,7-7,155,174,31,360
