Team,Games,Win-Loss,Redzone Attempts,Redzone Rush TD,Redzone Pass TD,Redzone Field Goals Made,Redzone Scores,Redzone Points
Oklahoma (Big 12),13,11-2,62,22,25,13,60,0.968
Iowa St. (Big 12),13,7-6,49,18,15,14,47,0.959
Colorado (Pac-12),12,4-8,33,12,8,11,31,0.939
Texas (Big 12),12,5-7,47,19,16,9,44,0.936
Alabama (SEC),15,13-2,68,20,26,17,63,0.926
Wake Forest (ACC),14,11-3,67,26,19,17,62,0.925
Boise St. (Mountain West),12,7-5,53,15,14,20,49,0.925
Nevada (Mountain West),13,8-5,51,12,23,12,47,0.922
Washington (Pac-12),12,4-8,38,15,9,11,35,0.921
Texas Tech (Big 12),13,7-6,50,26,9,11,46,0.92
Ohio St. (Big Ten),13,11-2,59,17,21,16,54,0.915
NIU (MAC),14,9-5,56,25,7,19,51,0.911
Western Ky. (C-USA),14,9-5,77,12,40,18,70,0.909
NC State (ACC),12,9-3,43,9,20,10,39,0.907
Florida St. (ACC),12,5-7,42,16,15,7,38,0.905
UTSA (C-USA),14,12-2,63,20,19,18,57,0.905
Southern California (Pac-12),12,4-8,51,16,12,18,46,0.902
Missouri (SEC),13,6-7,40,15,11,10,36,0.9
West Virginia (Big 12),13,6-7,50,17,16,12,45,0.9
North Carolina (ACC),13,6-7,49,19,9,16,44,0.898
Georgia St. (Sun Belt),13,8-5,39,16,10,9,35,0.897
UNLV (Mountain West),12,2-10,39,16,6,13,35,0.897
Coastal Carolina (Sun Belt),13,11-2,48,25,14,4,43,0.896
Michigan (Big Ten),14,12-2,67,31,10,19,60,0.896
BYU (FBS Independent),13,10-3,55,24,17,8,49,0.891
Houston (AAC),14,12-2,55,19,20,10,49,0.891
Arkansas (SEC),13,9-4,52,22,11,13,46,0.885
Pittsburgh (ACC),14,11-3,69,24,25,12,61,0.884
Texas A&M (SEC),12,8-4,43,11,11,16,38,0.884
Fresno St. (Mountain West),13,10-3,51,15,20,10,45,0.882
Stanford (Pac-12),12,3-9,34,11,12,7,30,0.882
Notre Dame (FBS Independent),13,11-2,50,17,16,11,44,0.88
UCLA (Pac-12),12,8-4,50,24,13,7,44,0.88
Baylor (Big 12),14,12-2,58,24,16,11,51,0.879
San Diego St. (Mountain West),14,12-2,49,22,10,11,43,0.878
Ball St. (MAC),13,6-7,40,14,10,11,35,0.875
Arkansas St. (Sun Belt),12,2-10,38,4,15,14,33,0.868
Oklahoma St. (Big 12),14,12-2,68,24,17,18,59,0.868
East Carolina (AAC),12,7-5,45,13,9,17,39,0.867
Louisville (ACC),13,6-7,45,21,9,9,39,0.867
App State (Sun Belt),14,10-4,52,18,12,15,45,0.865
Army West Point (FBS Independent),13,9-4,52,36,1,8,45,0.865
Navy (AAC),12,4-8,37,16,4,12,32,0.865
Wyoming (Mountain West),13,7-6,37,16,7,9,32,0.865
Florida (SEC),13,6-7,51,19,17,8,44,0.863
Texas St. (Sun Belt),12,4-8,36,15,7,9,31,0.861
Toledo (MAC),13,7-6,43,18,8,11,37,0.86
Buffalo (MAC),12,4-8,57,28,10,11,49,0.86
Purdue (Big Ten),13,9-4,57,6,21,22,49,0.86
Michigan St. (Big Ten),13,11-2,48,17,14,10,41,0.854
Kentucky (SEC),13,10-3,54,24,15,7,46,0.852
Miami (FL) (ACC),12,7-5,54,15,17,14,46,0.852
UTEP (C-USA),13,7-6,47,16,10,14,40,0.851
Virginia (ACC),12,6-6,60,18,20,13,51,0.85
Auburn (SEC),13,6-7,46,17,10,12,39,0.848
UAB (C-USA),13,9-4,46,21,9,9,39,0.848
Mississippi St. (SEC),13,7-6,58,9,27,13,49,0.845
Tennessee (SEC),13,7-6,58,26,13,10,49,0.845
UCF (AAC),13,9-4,58,23,19,7,49,0.845
Hawaii (Mountain West),13,6-7,45,16,9,13,38,0.844
Kansas St. (Big 12),13,8-5,45,23,7,8,38,0.844
Georgia (SEC),15,14-1,70,22,20,17,59,0.843
Eastern Mich. (MAC),13,7-6,57,23,12,13,48,0.842
Oregon (Pac-12),14,10-4,57,30,9,9,48,0.842
Oregon St. (Pac-12),13,7-6,57,28,12,8,48,0.842
Minnesota (Big Ten),13,9-4,50,23,7,12,42,0.84
Old Dominion (C-USA),13,6-7,50,18,9,15,42,0.84
SMU (AAC),12,8-4,50,18,14,10,42,0.84
Ga. Southern (Sun Belt),12,3-9,31,13,3,10,26,0.839
Ohio (MAC),12,3-9,37,14,3,14,31,0.838
Boston College (ACC),12,6-6,43,19,7,10,36,0.837
Colorado St. (Mountain West),12,3-9,49,12,9,20,41,0.837
Utah (Pac-12),14,10-4,73,31,21,9,61,0.836
ULM (Sun Belt),12,4-8,30,9,9,7,25,0.833
Western Mich. (MAC),13,8-5,54,26,7,12,45,0.833
Bowling Green (MAC),12,4-8,35,12,6,11,29,0.829
LSU (SEC),13,6-7,35,6,15,8,29,0.829
Air Force (Mountain West),13,10-3,58,35,4,9,48,0.828
TCU (Big 12),12,5-7,46,15,11,12,38,0.826
New Mexico St. (FBS Independent),12,2-10,40,11,11,11,33,0.825
Central Mich. (MAC),13,9-4,51,15,20,7,42,0.824
Kent St. (MAC),14,7-7,68,26,11,19,56,0.824
Middle Tenn. (C-USA),13,7-6,45,12,16,9,37,0.822
Louisiana Tech (C-USA),12,3-9,44,14,10,12,36,0.818
Marshall (C-USA),13,7-6,55,31,7,7,45,0.818
San Jose St. (Mountain West),12,5-7,38,12,8,11,31,0.816
Virginia Tech (ACC),13,6-7,43,14,10,11,35,0.814
Arizona St. (Pac-12),13,8-5,52,26,8,8,42,0.808
Wisconsin (Big Ten),13,9-4,52,20,8,14,42,0.808
Clemson (ACC),13,10-3,46,22,7,8,37,0.804
Liberty (FBS Independent),13,8-5,45,19,13,4,36,0.8
Memphis (AAC),12,6-6,45,15,11,10,36,0.8
Temple (AAC),12,3-9,25,12,2,6,20,0.8
Cincinnati (AAC),14,13-1,63,23,19,8,50,0.794
Louisiana (Sun Belt),14,13-1,62,26,16,7,49,0.79
Penn St. (Big Ten),13,7-6,42,11,9,13,33,0.786
Georgia Tech (ACC),12,3-9,37,11,7,11,29,0.784
Washington St. (Pac-12),13,7-6,55,16,15,12,43,0.782
California (Pac-12),12,5-7,41,16,8,8,32,0.78
Utah St. (Mountain West),14,11-3,54,10,18,14,42,0.778
Charlotte (C-USA),12,5-7,49,11,19,8,38,0.776
Miami (OH) (MAC),13,7-6,49,13,15,10,38,0.776
Fla. Atlantic (C-USA),12,5-7,40,15,7,9,31,0.775
Illinois (Big Ten),12,5-7,31,6,8,10,24,0.774
Vanderbilt (SEC),12,2-10,31,8,8,8,24,0.774
Nebraska (Big Ten),12,3-9,53,28,7,6,41,0.774
Indiana (Big Ten),12,2-10,35,12,7,8,27,0.771
South Fla. (AAC),12,2-10,43,22,4,7,33,0.767
Syracuse (ACC),12,5-7,34,17,3,6,26,0.765
Rutgers (Big Ten),13,5-8,46,20,4,11,35,0.761
Tulsa (AAC),13,7-6,50,15,9,14,38,0.76
Troy (Sun Belt),12,5-7,37,13,9,6,28,0.757
South Carolina (SEC),13,7-6,41,7,13,11,31,0.756
North Texas (C-USA),13,6-7,49,22,4,11,37,0.755
Ole Miss (SEC),13,10-3,69,29,12,11,52,0.754
Maryland (Big Ten),13,7-6,60,19,14,12,45,0.75
UConn (FBS Independent),12,1-11,28,7,5,9,21,0.75
Arizona (Pac-12),12,1-11,39,5,7,17,29,0.744
South Alabama (Sun Belt),12,5-7,50,14,16,7,37,0.74
Rice (C-USA),12,4-8,38,15,9,4,28,0.737
Kansas (Big 12),12,2-10,40,12,13,4,29,0.725
Iowa (Big Ten),14,10-4,47,15,4,15,34,0.723
Duke (ACC),12,3-9,43,17,3,11,31,0.721
Tulane (AAC),12,2-10,46,15,13,5,33,0.717
Southern Miss. (C-USA),12,3-9,27,5,9,5,19,0.704
Akron (MAC),12,2-10,36,5,13,7,25,0.694
Massachusetts (FBS Independent),12,1-11,35,12,6,6,24,0.686
Northwestern (Big Ten),12,3-9,34,10,8,5,23,0.676
FIU (C-USA),12,1-11,32,9,7,5,21,0.656
New Mexico (Mountain West),12,3-9,26,4,6,6,16,0.615
